0, 19
1, 20
2, 31
3, 13
4, 20
5, 18
6, 25
7, 21
8, 21
9, 13
10, 27
11, 25
12, 18
13, 3
13, 9
13, 19
14, 40
15, 22
16, 31
17, 22
18, 5
18, 12
18, 37
19, 0
19, 13
19, 29
20, 1
20, 4
20, 36
21, 7
21, 8
21, 36
22, 15
22, 17
22, 41
23, 39
24, 45
25, 6
25, 11
25, 43
26, 41
27, 10
27, 29
27, 34
28, 39
29, 19
29, 27
29, 35
30, 51
31, 2
31, 16
31, 34
32, 37
33, 43
34, 27
34, 31
34, 35
35, 29
35, 34
35, 46
36, 20
36, 21
36, 40
37, 18
37, 32
37, 50
38, 47
39, 23
39, 28
39, 58
40, 14
40, 36
40, 50
41, 22
41, 26
41, 53
42, 45
43, 25
43, 33
43, 60
44, 75
45, 24
45, 42
45, 53
46, 35
46, 47
46, 60
47, 38
47, 46
47, 48
48, 47
49, 64
50, 37
50, 40
50, 63
51, 30
51, 58
51, 55
52, 55
53, 41
53, 45
53, 63
54, 67
55, 51
55, 52
55, 59
56, 69
57, 69
58, 39
58, 51
58, 71
59, 55
60, 43
60, 46
60, 71
61, 81
62, 74
63, 50
63, 53
63, 89
64, 49
64, 67
64, 75
65, 79
66, 67
67, 54
67, 64
67, 66
68, 83
69, 56
69, 57
69, 82
70, 74
71, 58
71, 60
71, 91
72, 82
73, 81
74, 62
74, 70
74, 83
75, 44
75, 64
75, 84
76, 80
77, 87
78, 79
79, 65
79, 78
79, 80
80, 76
80, 79
80, 84
81, 61
81, 73
81, 94
82, 69
82, 72
82, 86
83, 68
83, 74
83, 97
84, 75
84, 80
84, 95
85, 92
86, 82
86, 93
86, 89
87, 77
87, 93
87, 88
88, 87
89, 63
89, 86
89, 95
90, 97
91, 71
91, 94
91, 99
92, 85
92, 94
92, 96
93, 86
93, 87
93, 98
94, 81
94, 91
94, 92
94, 100
95, 84
95, 89
95, 115
96, 92
97, 83
97, 90
97, 103
98, 93
99, 91
99, 103
99, 148
100, 94
100, 105
100, 109
101, 107
102, 107
103, 97
103, 99
103, 104
104, 103
104, 110
104, 118
105, 100
106, 112
107, 101
107, 102
107, 113
108, 112
109, 100
110, 104
110, 113
110, 114
111, 114
112, 106
112, 108
112, 120
113, 107
113, 110
113, 127
114, 110
114, 111
114, 128
115, 95
115, 133
115, 148
116, 120
117, 121
118, 104
118, 123
118, 136
119, 123
120, 112
120, 116
120, 121
121, 117
121, 120
121, 129
122, 126
123, 118
123, 119
123, 134
124, 126
125, 127
126, 122
126, 124
126, 131
127, 113
127, 125
127, 150
128, 114
129, 121
129, 130
129, 135
130, 129
130, 132
130, 131
131, 126
131, 130
131, 142
132, 130
132, 133
132, 139
133, 115
133, 132
133, 145
134, 123
134, 144
134, 143
135, 129
135, 138
135, 141
136, 118
136, 149
136, 151
137, 140
138, 135
139, 132
139, 146
139, 140
140, 137
140, 139
140, 155
141, 135
142, 131
143, 134
144, 134
145, 133
145, 152
145, 153
146, 139
146, 147
146, 161
147, 146
148, 99
148, 115
148, 170
149, 136
149, 167
149, 159
150, 127
151, 136
151, 158
151, 154
152, 145
152, 157
152, 162
153, 145
153, 166
153, 164
154, 151
154, 165
154, 160
155, 140
156, 157
157, 152
157, 156
157, 163
158, 151
158, 168
158, 169
159, 149
160, 154
161, 146
162, 152
163, 157
164, 153
165, 154
166, 153
167, 149
168, 158
169, 158
170, 148
