0.014563106931746006, 0.773809552192688, 0.8038461804389954
0.029126213863492012, 0.8214285969734192, 0.32692307233810425
0.029126213863492012, 0.9404761791229248, 0.8192307949066162
0.04854368790984154, 0.6904761791229248, 0.8653846383094788
0.05339805781841278, 0.6904761791229248, 0.36538460850715637
0.058252427726984024, 0.6845238208770752, 0.003846153849735856
0.06310679763555527, 0.6071428656578064, 0.9846153855323792
0.06310679763555527, 0.875, 0.17692308127880096
0.0776699036359787, 0.726190447807312, 0.19230769574642181
0.08252426981925964, 0.5952380895614624, 0.807692289352417
0.09223300963640213, 0.7916666865348816, 0.857692301273346
0.09708737581968307, 0.4761904776096344, 0.9615384340286255
0.09708737581968307, 0.75, 0.03076923079788685
0.10679611563682556, 0.636904776096344, 0.807692289352417
0.1116504818201065, 0.9940476417541504, 0.2230769246816635
0.12135922163724899, 0.5059523582458496, 0.11923076957464218
0.12135922163724899, 0.7797619104385376, 0.7384615540504456
0.13106796145439148, 0.3928571343421936, 0.11538461595773697
0.13106796145439148, 0.7023809552192688, 0.06923077255487442
0.13592232763767242, 0.6547619104385376, 0.7884615659713745
0.13592232763767242, 0.726190447807312, 0.30000001192092896
0.15048544108867645, 0.7440476417541504, 0.2192307710647583
0.16019417345523834, 0.4761904776096344, 0.1576923131942749
0.1650485396385193, 0.3392857015132904, 0.8346154093742371
0.16990290582180023, 0.511904776096344, 0.04615384712815285
0.16990290582180023, 0.5416666865348816, 0.8961538672447205
0.17961165308952332, 0.4523809552192688, 0.26153847575187683
0.17961165308952332, 0.6845238208770752, 0.7884615659713745
0.18446601927280426, 0.4166666567325592, 0.7576923370361328
0.18446601927280426, 0.6666666865348816, 0.7846153974533081
0.1893203854560852, 0.3273809552192688, 0.9576923251152039
0.19417475163936615, 0.7202380895614624, 0.7730769515037537
0.19417475163936615, 0.761904776096344, 0.13846154510974884
0.1990291327238083, 0.6309523582458496, 0.9153845906257629
0.1990291327238083, 0.6904761791229248, 0.7769230604171753
0.20388349890708923, 0.6607142686843872, 0.7769230604171753
0.20388349890708923, 0.6904761791229248, 0.2576923072338104
0.20873786509037018, 0.6726190447807312, 0.18076923489570618
0.21359223127365112, 0.7976190447807312, 0.8730769157409668
0.21844659745693207, 0.4166666567325592, 0.7807692289352417
0.21844659745693207, 0.6845238208770752, 0.2576923072338104
0.22815534472465515, 0.523809552192688, 0.22692307829856873
0.22815534472465515, 0.625, 0.07307692617177963
0.23786407709121704, 0.5476190447807312, 0.8269230723381042
0.24271844327449799, 0.2142857164144516, 0.11153846234083176
0.24271844327449799, 0.5654761791229248, 0.15000000596046448
0.24271844327449799, 0.6309523582458496, 0.7769230604171753
0.24271844327449799, 0.7142857313156128, 0.8269230723381042
0.25242719054222107, 0.7857142686843872, 0.8961538672447205
0.26213592290878296, 0.1726190447807312, 0.2192307710647583
0.26213592290878296, 0.636904776096344, 0.25
0.2669903039932251, 0.4642857015132904, 0.8461538553237915
0.2669903039932251, 0.4702380895614624, 0.9230769276618958
0.27184465527534485, 0.5595238208770752, 0.23461538553237915
0.276699036359787, 0.1071428582072258, 0.17692308127880096
0.276699036359787, 0.4821428656578064, 0.8961538672447205
0.276699036359787, 0.9642857313156128, 0.15000000596046448
0.28155338764190674, 0.976190447807312, 0.25
0.2864077687263489, 0.494047611951828, 0.7884615659713745
0.2864077687263489, 0.523809552192688, 0.9384615421295166
0.291262149810791, 0.5714285969734192, 0.7653846144676208
0.291262149810791, 0.6845238208770752, 0.692307710647583
0.29611650109291077, 0.0595238097012043, 0.857692301273346
0.3009708821773529, 0.601190447807312, 0.26153847575187683
0.30582523345947266, 0.25, 0.2192307710647583
0.30582523345947266, 0.3571428656578064, 0.07307692617177963
0.3106796145439148, 0.125, 0.2153846174478531
0.3106796145439148, 0.2023809552192688, 0.20769231021404266
0.3106796145439148, 0.244047611951828, 0.7961538434028625
0.3106796145439148, 0.8571428656578064, 0.25
0.31553396582603455, 0.0892857164144516, 0.807692289352417
0.31553396582603455, 0.5357142686843872, 0.7576923370361328
0.3252427279949188, 0.6964285969734192, 0.3192307651042938
0.3252427279949188, 0.7857142686843872, 0.7346153855323792
0.3300970792770386, 0.130952388048172, 0.8192307949066162
0.3349514603614807, 0.386904776096344, 0.23461538553237915
0.3349514603614807, 0.4761904776096344, 0.08846154063940048
0.3349514603614807, 0.75, 0.14230769872665405
0.33980581164360046, 0.369047611951828, 0.10000000149011612
0.33980581164360046, 0.3928571343421936, 0.11923076957464218
0.34951457381248474, 0.4583333432674408, 0.16923077404499054
0.34951457381248474, 0.6785714030265808, 0.7115384340286255
0.34951457381248474, 0.6845238208770752, 0.29615384340286255
0.3543689250946045, 0.261904776096344, 0.7961538434028625
0.35922330617904663, 0.4583333432674408, 0.2576923072338104
0.35922330617904663, 0.7023809552192688, 0.8884615302085876
0.3640776574611664, 0.6547619104385376, 0.2846153974533081
0.3640776574611664, 0.7321428656578064, 0.20769231021404266
0.3689320385456085, 0.7916666865348816, 0.18076923489570618
0.3786407709121704, 0.5833333134651184, 0.30000001192092896
0.38349515199661255, 0.2678571343421936, 0.892307698726654
0.38349515199661255, 0.5357142686843872, 0.7192307710647583
0.38349515199661255, 0.6845238208770752, 0.7923076748847961
0.38349515199661255, 0.6964285969734192, 0.26153847575187683
0.3883495032787323, 0.6309523582458496, 0.7346153855323792
0.3980582654476166, 0.5595238208770752, 0.3153846263885498
0.3980582654476166, 0.7976190447807312, 0.8538461327552795
0.40291261672973633, 0.380952388048172, 0.7807692289352417
0.40776699781417847, 0.8095238208770752, 0.26153847575187683
0.4223301112651825, 0.5059523582458496, 0.6961538195610046
0.42718446254730225, 0.6785714030265808, 0.7346153855323792
0.4417475759983063, 0.0357142873108387, 0.7269230484962463
0.4417475759983063, 0.065476194024086, 0.8115384578704834
0.446601927280426, 0.4404761791229248, 0.7461538314819336
0.4563106894493103, 0.4404761791229248, 0.7538461685180664
0.4563106894493103, 0.8154761791229248, 0.7653846144676208
0.4660194218158722, 0.1666666716337204, 0.19230769574642181
0.4660194218158722, 0.1666666716337204, 0.7730769515037537
0.4757281541824341, 0.1607142835855484, 0.10769230872392654
0.4757281541824341, 0.726190447807312, 0.7153846025466919
0.48543688654899597, 0.3452380895614624, 0.7730769515037537
0.4902912676334381, 0.2976190447807312, 0.8730769157409668
0.49514561891555786, 0.261904776096344, 0.19230769574642181
0.49514561891555786, 0.3214285671710968, 0.7615384459495544
0.5, 0.3035714328289032, 0.8500000238418579
0.5048543810844421, 0.5476190447807312, 0.3692307770252228
0.5097087621688843, 0.1369047611951828, 0.25
0.5097087621688843, 0.380952388048172, 0.1884615421295166
0.5097087621688843, 0.4761904776096344, 0.7846153974533081
0.5097087621688843, 0.511904776096344, 0.942307710647583
0.5145630836486816, 0.3154761791229248, 0.2192307710647583
0.5194174647331238, 0.375, 0.2153846174478531
0.5194174647331238, 0.601190447807312, 0.0923076942563057
0.5242718458175659, 0.488095223903656, 0.8500000238418579
0.5242718458175659, 0.5297619104385376, 0.10000000149011612
0.5291262269020081, 0.1071428582072258, 0.6615384817123413
0.5291262269020081, 0.5535714030265808, 0.13461539149284363
0.5339806079864502, 0.261904776096344, 0.7384615540504456
0.5388349294662476, 0.2142857164144516, 0.8999999761581421
0.5388349294662476, 0.4166666567325592, 0.23461538553237915
0.5388349294662476, 0.5059523582458496, 0.2538461685180664
0.5436893105506897, 0.5297619104385376, 0.17692308127880096
0.5436893105506897, 0.5476190447807312, 0.29230770468711853
0.5485436916351318, 0.5416666865348816, 0.30000001192092896
0.553398072719574, 0.4821428656578064, 0.8769230842590332
0.5582524538040161, 0.375, 0.2192307710647583
0.5631067752838135, 0.5059523582458496, 0.7846153974533081
0.5631067752838135, 0.8035714030265808, 0.15000000596046448
0.5728155374526978, 0.3392857015132904, 0.16538462042808533
0.5728155374526978, 0.636904776096344, 0.2538461685180664
0.5776699185371399, 0.6904761791229248, 0.20384615659713745
0.582524299621582, 0.2083333283662796, 0.2730769217014313
0.582524299621582, 0.5178571343421936, 0.1269230842590332
0.5970873832702637, 0.523809552192688, 0.949999988079071
0.6019417643547058, 0.3928571343421936, 0.9269230961799622
0.6019417643547058, 0.523809552192688, 0.2884615361690521
0.6019417643547058, 0.6964285969734192, 0.26538461446762085
0.6019417643547058, 0.7440476417541504, 0.2884615361690521
0.6116504669189453, 0.5059523582458496, 0.4769230782985687
0.6116504669189453, 0.5833333134651184, 0.8038461804389954
0.6262136101722717, 0.1964285671710968, 0.699999988079071
0.6262136101722717, 0.4821428656578064, 0.7807692289352417
0.6359223127365112, 0.4821428656578064, 0.26923078298568726
0.6359223127365112, 0.5476190447807312, 0.2884615361690521
0.6504854559898376, 0.488095223903656, 0.7615384459495544
0.6601941585540771, 0.7440476417541504, 0.1538461595773697
0.6747573018074036, 0.363095223903656, 0.26923078298568726
0.6747573018074036, 0.4345238208770752, 0.26923078298568726
0.6796116232872009, 0.4642857015132904, 0.8230769038200378
0.6796116232872009, 0.6309523582458496, 0.8730769157409668
0.6844660043716431, 0.5297619104385376, 0.7269230484962463
0.6844660043716431, 0.7857142686843872, 0.26538461446762085
0.7135922312736511, 0.4345238208770752, 0.1846153885126114
0.7184466123580933, 0.4404761791229248, 0.26538461446762085
0.7233009934425354, 0.601190447807312, 0.3346153795719147
0.7330096960067749, 0.4583333432674408, 0.7307692170143127
0.7572815418243408, 0.6309523582458496, 0.24230769276618958
0.762135922908783, 0.6845238208770752, 0.7576923370361328
0.7669903039932251, 0.4702380895614624, 0.8115384578704834
0.7766990065574646, 0.5357142686843872, 0.8769230842590332
0.9514563083648682, 0.4166666567325592, 0.4961538314819336
-10.0, -10.0, -10.0
-10.0, -10.0, -10.0
-10.0, -10.0, -10.0
-10.0, -10.0, -10.0
-10.0, -10.0, -10.0
-10.0, -10.0, -10.0
-10.0, -10.0, -10.0
-10.0, -10.0, -10.0
-10.0, -10.0, -10.0
-10.0, -10.0, -10.0
-10.0, -10.0, -10.0
-10.0, -10.0, -10.0
-10.0, -10.0, -10.0
-10.0, -10.0, -10.0
-10.0, -10.0, -10.0
-10.0, -10.0, -10.0
-10.0, -10.0, -10.0
-10.0, -10.0, -10.0
-10.0, -10.0, -10.0
-10.0, -10.0, -10.0
-10.0, -10.0, -10.0
-10.0, -10.0, -10.0
-10.0, -10.0, -10.0
-10.0, -10.0, -10.0
-10.0, -10.0, -10.0
-10.0, -10.0, -10.0
-10.0, -10.0, -10.0
-10.0, -10.0, -10.0
-10.0, -10.0, -10.0
-10.0, -10.0, -10.0
-10.0, -10.0, -10.0
-10.0, -10.0, -10.0
-10.0, -10.0, -10.0
-10.0, -10.0, -10.0
-10.0, -10.0, -10.0
-10.0, -10.0, -10.0
-10.0, -10.0, -10.0
-10.0, -10.0, -10.0
-10.0, -10.0, -10.0
-10.0, -10.0, -10.0
-10.0, -10.0, -10.0
-10.0, -10.0, -10.0
-10.0, -10.0, -10.0
-10.0, -10.0, -10.0
-10.0, -10.0, -10.0
-10.0, -10.0, -10.0
-10.0, -10.0, -10.0
-10.0, -10.0, -10.0
-10.0, -10.0, -10.0
-10.0, -10.0, -10.0
-10.0, -10.0, -10.0
-10.0, -10.0, -10.0
-10.0, -10.0, -10.0
-10.0, -10.0, -10.0
-10.0, -10.0, -10.0
-10.0, -10.0, -10.0
-10.0, -10.0, -10.0
-10.0, -10.0, -10.0
-10.0, -10.0, -10.0
-10.0, -10.0, -10.0
-10.0, -10.0, -10.0
-10.0, -10.0, -10.0
-10.0, -10.0, -10.0
-10.0, -10.0, -10.0
-10.0, -10.0, -10.0
-10.0, -10.0, -10.0
-10.0, -10.0, -10.0
-10.0, -10.0, -10.0
-10.0, -10.0, -10.0
-10.0, -10.0, -10.0
-10.0, -10.0, -10.0
-10.0, -10.0, -10.0
-10.0, -10.0, -10.0
-10.0, -10.0, -10.0
-10.0, -10.0, -10.0
-10.0, -10.0, -10.0
-10.0, -10.0, -10.0
-10.0, -10.0, -10.0
-10.0, -10.0, -10.0
-10.0, -10.0, -10.0
-10.0, -10.0, -10.0
-10.0, -10.0, -10.0
-10.0, -10.0, -10.0
-10.0, -10.0, -10.0
-10.0, -10.0, -10.0
-10.0, -10.0, -10.0
-10.0, -10.0, -10.0
-10.0, -10.0, -10.0
-10.0, -10.0, -10.0
-10.0, -10.0, -10.0
-10.0, -10.0, -10.0
-10.0, -10.0, -10.0
-10.0, -10.0, -10.0
-10.0, -10.0, -10.0
-10.0, -10.0, -10.0
-10.0, -10.0, -10.0
-10.0, -10.0, -10.0
-10.0, -10.0, -10.0
-10.0, -10.0, -10.0
-10.0, -10.0, -10.0
-10.0, -10.0, -10.0
-10.0, -10.0, -10.0
-10.0, -10.0, -10.0
-10.0, -10.0, -10.0
-10.0, -10.0, -10.0
-10.0, -10.0, -10.0
-10.0, -10.0, -10.0
-10.0, -10.0, -10.0
-10.0, -10.0, -10.0
-10.0, -10.0, -10.0
-10.0, -10.0, -10.0
-10.0, -10.0, -10.0
-10.0, -10.0, -10.0
-10.0, -10.0, -10.0
-10.0, -10.0, -10.0
-10.0, -10.0, -10.0
-10.0, -10.0, -10.0
-10.0, -10.0, -10.0
-10.0, -10.0, -10.0
-10.0, -10.0, -10.0
-10.0, -10.0, -10.0
-10.0, -10.0, -10.0
-10.0, -10.0, -10.0
-10.0, -10.0, -10.0
-10.0, -10.0, -10.0
-10.0, -10.0, -10.0
-10.0, -10.0, -10.0
-10.0, -10.0, -10.0
-10.0, -10.0, -10.0
-10.0, -10.0, -10.0
-10.0, -10.0, -10.0
-10.0, -10.0, -10.0
-10.0, -10.0, -10.0
-10.0, -10.0, -10.0
-10.0, -10.0, -10.0
-10.0, -10.0, -10.0
-10.0, -10.0, -10.0
-10.0, -10.0, -10.0
-10.0, -10.0, -10.0
-10.0, -10.0, -10.0
-10.0, -10.0, -10.0
-10.0, -10.0, -10.0
-10.0, -10.0, -10.0
-10.0, -10.0, -10.0
-10.0, -10.0, -10.0
-10.0, -10.0, -10.0
-10.0, -10.0, -10.0
-10.0, -10.0, -10.0
-10.0, -10.0, -10.0
-10.0, -10.0, -10.0
-10.0, -10.0, -10.0
-10.0, -10.0, -10.0
-10.0, -10.0, -10.0
-10.0, -10.0, -10.0
-10.0, -10.0, -10.0
-10.0, -10.0, -10.0
-10.0, -10.0, -10.0
-10.0, -10.0, -10.0
-10.0, -10.0, -10.0
-10.0, -10.0, -10.0
-10.0, -10.0, -10.0
-10.0, -10.0, -10.0
-10.0, -10.0, -10.0
-10.0, -10.0, -10.0
-10.0, -10.0, -10.0
-10.0, -10.0, -10.0
-10.0, -10.0, -10.0
-10.0, -10.0, -10.0
-10.0, -10.0, -10.0
-10.0, -10.0, -10.0
-10.0, -10.0, -10.0
-10.0, -10.0, -10.0
-10.0, -10.0, -10.0
-10.0, -10.0, -10.0
-10.0, -10.0, -10.0
-10.0, -10.0, -10.0
-10.0, -10.0, -10.0
-10.0, -10.0, -10.0
-10.0, -10.0, -10.0
-10.0, -10.0, -10.0
-10.0, -10.0, -10.0
-10.0, -10.0, -10.0
-10.0, -10.0, -10.0
-10.0, -10.0, -10.0
-10.0, -10.0, -10.0
-10.0, -10.0, -10.0
-10.0, -10.0, -10.0
-10.0, -10.0, -10.0
-10.0, -10.0, -10.0
-10.0, -10.0, -10.0
-10.0, -10.0, -10.0
-10.0, -10.0, -10.0
-10.0, -10.0, -10.0
-10.0, -10.0, -10.0
-10.0, -10.0, -10.0
-10.0, -10.0, -10.0
-10.0, -10.0, -10.0
-10.0, -10.0, -10.0
-10.0, -10.0, -10.0
-10.0, -10.0, -10.0
-10.0, -10.0, -10.0
-10.0, -10.0, -10.0
-10.0, -10.0, -10.0
-10.0, -10.0, -10.0
-10.0, -10.0, -10.0
-10.0, -10.0, -10.0
-10.0, -10.0, -10.0
-10.0, -10.0, -10.0
-10.0, -10.0, -10.0
-10.0, -10.0, -10.0
-10.0, -10.0, -10.0
-10.0, -10.0, -10.0
-10.0, -10.0, -10.0
-10.0, -10.0, -10.0
-10.0, -10.0, -10.0
-10.0, -10.0, -10.0
-10.0, -10.0, -10.0
-10.0, -10.0, -10.0
-10.0, -10.0, -10.0
-10.0, -10.0, -10.0
-10.0, -10.0, -10.0
-10.0, -10.0, -10.0
-10.0, -10.0, -10.0
-10.0, -10.0, -10.0
-10.0, -10.0, -10.0
-10.0, -10.0, -10.0
-10.0, -10.0, -10.0
-10.0, -10.0, -10.0
-10.0, -10.0, -10.0
-10.0, -10.0, -10.0
-10.0, -10.0, -10.0
-10.0, -10.0, -10.0
-10.0, -10.0, -10.0
-10.0, -10.0, -10.0
-10.0, -10.0, -10.0
-10.0, -10.0, -10.0
-10.0, -10.0, -10.0
-10.0, -10.0, -10.0
-10.0, -10.0, -10.0
-10.0, -10.0, -10.0
-10.0, -10.0, -10.0
-10.0, -10.0, -10.0
-10.0, -10.0, -10.0
-10.0, -10.0, -10.0
-10.0, -10.0, -10.0
-10.0, -10.0, -10.0
-10.0, -10.0, -10.0
-10.0, -10.0, -10.0
-10.0, -10.0, -10.0
-10.0, -10.0, -10.0
-10.0, -10.0, -10.0
-10.0, -10.0, -10.0
-10.0, -10.0, -10.0
-10.0, -10.0, -10.0
-10.0, -10.0, -10.0
-10.0, -10.0, -10.0
-10.0, -10.0, -10.0
-10.0, -10.0, -10.0
-10.0, -10.0, -10.0
-10.0, -10.0, -10.0
-10.0, -10.0, -10.0
-10.0, -10.0, -10.0
-10.0, -10.0, -10.0
-10.0, -10.0, -10.0
-10.0, -10.0, -10.0
-10.0, -10.0, -10.0
-10.0, -10.0, -10.0
-10.0, -10.0, -10.0
-10.0, -10.0, -10.0
-10.0, -10.0, -10.0
-10.0, -10.0, -10.0
-10.0, -10.0, -10.0
-10.0, -10.0, -10.0
-10.0, -10.0, -10.0
-10.0, -10.0, -10.0
-10.0, -10.0, -10.0
-10.0, -10.0, -10.0
-10.0, -10.0, -10.0
-10.0, -10.0, -10.0
-10.0, -10.0, -10.0
-10.0, -10.0, -10.0
-10.0, -10.0, -10.0
-10.0, -10.0, -10.0
-10.0, -10.0, -10.0
-10.0, -10.0, -10.0
-10.0, -10.0, -10.0
-10.0, -10.0, -10.0
-10.0, -10.0, -10.0
-10.0, -10.0, -10.0
-10.0, -10.0, -10.0
-10.0, -10.0, -10.0
-10.0, -10.0, -10.0
-10.0, -10.0, -10.0
-10.0, -10.0, -10.0
-10.0, -10.0, -10.0
-10.0, -10.0, -10.0
-10.0, -10.0, -10.0
-10.0, -10.0, -10.0
-10.0, -10.0, -10.0
-10.0, -10.0, -10.0
-10.0, -10.0, -10.0
-10.0, -10.0, -10.0
-10.0, -10.0, -10.0
-10.0, -10.0, -10.0
-10.0, -10.0, -10.0
-10.0, -10.0, -10.0
-10.0, -10.0, -10.0
-10.0, -10.0, -10.0
-10.0, -10.0, -10.0
-10.0, -10.0, -10.0
-10.0, -10.0, -10.0
-10.0, -10.0, -10.0
-10.0, -10.0, -10.0
-10.0, -10.0, -10.0
-10.0, -10.0, -10.0
-10.0, -10.0, -10.0
-10.0, -10.0, -10.0
-10.0, -10.0, -10.0
-10.0, -10.0, -10.0
-10.0, -10.0, -10.0
-10.0, -10.0, -10.0
-10.0, -10.0, -10.0
-10.0, -10.0, -10.0
-10.0, -10.0, -10.0
-10.0, -10.0, -10.0
-10.0, -10.0, -10.0
-10.0, -10.0, -10.0
-10.0, -10.0, -10.0
-10.0, -10.0, -10.0
-10.0, -10.0, -10.0
-10.0, -10.0, -10.0
-10.0, -10.0, -10.0
-10.0, -10.0, -10.0
-10.0, -10.0, -10.0
-10.0, -10.0, -10.0
-10.0, -10.0, -10.0
-10.0, -10.0, -10.0
-10.0, -10.0, -10.0
-10.0, -10.0, -10.0
-10.0, -10.0, -10.0
-10.0, -10.0, -10.0
-10.0, -10.0, -10.0
-10.0, -10.0, -10.0
-10.0, -10.0, -10.0
-10.0, -10.0, -10.0
-10.0, -10.0, -10.0
-10.0, -10.0, -10.0
-10.0, -10.0, -10.0
