0, 23
1, 14
2, 22
3, 22
4, 34
5, 59
6, 20
7, 14
8, 25
9, 46
10, 19
11, 18
12, 30
13, 19
14, 23
15, 18
16, 30
17, 47
18, 20
19, 25
20, 37
21, 27
22, 37
23, 32
24, 27
25, 38
26, 34
27, 47
28, 32
29, 45
30, 66
31, 38
32, 44
33, 60
34, 63
35, 41
36, 58
37, 40
38, 63
39, 53
40, 61
40, 42
41, 48
41, 50
42, 43
42, 49
44, 61
44, 48
45, 53
45, 51
46, 55
46, 54
47, 74
48, 52
53, 54
54, 55
55, 70
56, 58
57, 60
58, 65
59, 60
59, 67
61, 74
62, 68
63, 73
64, 105
65, 66
65, 68
66, 70
67, 69
67, 69
68, 72
69, 83
70, 82
71, 73
73, 83
74, 75
75, 82
75, 77
76, 78
77, 80
77, 85
78, 80
78, 91
79, 92
80, 84
81, 93
82, 122
83, 94
85, 87
85, 89
86, 92
88, 89
89, 106
90, 107
92, 97
93, 104
93, 96
94, 99
94, 114
95, 107
97, 100
97, 99
98, 100
99, 119
100, 103
101, 116
102, 110
104, 108
104, 110
105, 108
105, 112
107, 113
108, 118
109, 110
111, 121
112, 124
112, 116
113, 123
113, 121
114, 124
114, 151
115, 120
116, 128
117, 120
120, 125
121, 129
122, 151
122, 127
123, 126
123, 125
124, 132
125, 133
126, 131
126, 127
127, 147
130, 138
131, 134
131, 137
132, 144
132, 142
133, 136
133, 157
134, 138
134, 148
135, 137
137, 139
138, 162
139, 140
139, 153
141, 149
142, 154
142, 152
143, 148
144, 145
144, 166
145, 146
145, 164
146, 149
146, 156
147, 172
147, 150
148, 167
149, 155
150, 176
150, 165
151, 179
152, 160
152, 168
153, 159
153, 169
154, 161
154, 158
160, 163
160, 170
166, 175
166, 177
168, 178
168, 174
170, 173
170, 171
23, 0
14, 1
22, 2
22, 3
34, 4
59, 5
20, 6
14, 7
25, 8
46, 9
19, 10
18, 11
30, 12
19, 13
23, 14
18, 15
30, 16
47, 17
20, 18
25, 19
37, 20
27, 21
37, 22
32, 23
27, 24
38, 25
34, 26
47, 27
32, 28
45, 29
66, 30
38, 31
44, 32
60, 33
63, 34
41, 35
58, 36
40, 37
63, 38
53, 39
61, 40
42, 40
48, 41
50, 41
43, 42
49, 42
61, 44
48, 44
53, 45
51, 45
55, 46
54, 46
74, 47
52, 48
54, 53
55, 54
70, 55
58, 56
60, 57
65, 58
60, 59
67, 59
74, 61
68, 62
73, 63
105, 64
66, 65
68, 65
70, 66
69, 67
69, 67
72, 68
83, 69
82, 70
73, 71
83, 73
75, 74
82, 75
77, 75
78, 76
80, 77
85, 77
80, 78
91, 78
92, 79
84, 80
93, 81
122, 82
94, 83
87, 85
89, 85
92, 86
89, 88
106, 89
107, 90
97, 92
104, 93
96, 93
99, 94
114, 94
107, 95
100, 97
99, 97
100, 98
119, 99
103, 100
116, 101
110, 102
108, 104
110, 104
108, 105
112, 105
113, 107
118, 108
110, 109
121, 111
124, 112
116, 112
123, 113
121, 113
124, 114
151, 114
120, 115
128, 116
120, 117
125, 120
129, 121
151, 122
127, 122
126, 123
125, 123
132, 124
133, 125
131, 126
127, 126
147, 127
138, 130
134, 131
137, 131
144, 132
142, 132
136, 133
157, 133
138, 134
148, 134
137, 135
139, 137
162, 138
140, 139
153, 139
149, 141
154, 142
152, 142
148, 143
145, 144
166, 144
146, 145
164, 145
149, 146
156, 146
172, 147
150, 147
167, 148
155, 149
176, 150
165, 150
179, 151
160, 152
168, 152
159, 153
169, 153
161, 154
158, 154
163, 160
170, 160
175, 166
177, 166
178, 168
174, 168
173, 170
171, 170
