0.0, 1.0, 0.2818532884120941
0.03720930218696594, 0.9459459185600281, 0.20077219605445862
0.041860464960336685, 0.43918919563293457, 0.027027027681469917
0.041860464960336685, 0.6418918967247009, 0.0
0.041860464960336685, 0.9189189076423645, 0.7567567825317383
0.060465116053819656, 0.5135135054588318, 1.0
0.060465116053819656, 0.7905405163764954, 0.10810811072587967
0.0651162788271904, 1.0, 0.20849420130252838
0.06976744532585144, 0.7702702879905701, 0.9575289487838745
0.08372092992067337, 0.0, 0.29729729890823364
0.08372092992067337, 0.7905405163764954, 0.8416988253593445
0.08372092992067337, 0.8445945978164673, 0.11969111859798431
0.09302325546741486, 0.06081081181764603, 0.20849420130252838
0.09302325546741486, 0.837837815284729, 0.8687258958816528
0.09302325546741486, 0.8918918967247009, 0.23166023194789886
0.10232558101415634, 0.8040540814399719, 0.10038609802722931
0.10697674751281738, 0.054054055362939835, 0.13127413392066956
0.10697674751281738, 0.6486486196517944, 0.3320463299751282
0.10697674751281738, 0.7837837934494019, 0.1235521212220192
0.10697674751281738, 0.8040540814399719, 0.8494208455085754
0.12093023210763931, 0.7432432174682617, 0.1428571492433548
0.12558139860630035, 0.5202702879905701, 0.2471042424440384
0.1302325576543808, 0.5810810923576355, 0.1235521212220192
0.13488371670246124, 0.8243243098258972, 0.2625482678413391
0.1534883677959442, 0.44594594836235046, 0.2509652376174927
0.1534883677959442, 0.7702702879905701, 0.84555983543396
0.1534883677959442, 0.9391891956329346, 0.7683397531509399
0.1627907007932663, 0.5, 0.25868725776672363
0.1627907007932663, 0.8108108043670654, 0.3281853199005127
0.16744185984134674, 0.013513513840734959, 0.3050193190574646
0.17209301888942719, 0.20945945382118225, 0.2046332061290741
0.17209301888942719, 0.8581081032752991, 0.8610038757324219
0.17674419283866882, 0.7635135054588318, 0.27799227833747864
0.18139535188674927, 0.5472972989082336, 0.992277979850769
0.18139535188674927, 0.8310810923576355, 0.7567567825317383
0.1860465109348297, 0.9459459185600281, 0.20077219605445862
0.19069766998291016, 0.22972972691059113, 0.09266409277915955
0.19069766998291016, 0.6418918967247009, 0.20077219605445862
0.19069766998291016, 0.7702702879905701, 0.8185328245162964
0.1953488439321518, 0.06756756454706192, 0.2277992218732834
0.20000000298023224, 0.6418918967247009, 0.20849420130252838
0.20465116202831268, 0.9054054021835327, 0.21235521137714386
0.20930232107639313, 0.6756756901741028, 0.1621621549129486
0.20930232107639313, 0.6824324131011963, 0.09652509540319443
0.20930232107639313, 0.7229729890823364, 0.2702702581882477
0.21395349502563477, 0.11486486345529556, 0.27799227833747864
0.21395349502563477, 0.22297297418117523, 0.27799227833747864
0.21395349502563477, 0.5608108043670654, 0.29729729890823364
0.21395349502563477, 0.7837837934494019, 0.2702702581882477
0.21395349502563477, 0.8040540814399719, 0.1235521212220192
0.21395349502563477, 0.9729729890823364, 0.19691120088100433
0.2186046540737152, 0.0, 0.2702702581882477
0.2186046540737152, 0.8716216087341309, 0.2857142984867096
0.22325581312179565, 0.19594594836235046, 0.2664092779159546
0.2279069721698761, 0.21621622145175934, 0.2702702581882477
0.23255814611911774, 0.25, 0.27413126826286316
0.23255814611911774, 0.3378378450870514, 0.06949806958436966
0.23255814611911774, 0.6824324131011963, 0.9266409277915955
0.24186046421527863, 0.3175675570964813, 0.15444014966487885
0.24186046421527863, 0.6148648858070374, 0.8339768052101135
0.24186046421527863, 0.6148648858070374, 0.8725868463516235
0.24186046421527863, 0.6283783912658691, 0.2625482678413391
0.24651162326335907, 0.10135135054588318, 0.11196911334991455
0.24651162326335907, 0.7297297120094299, 0.7683397531509399
0.25581395626068115, 0.2432432472705841, 0.9111968874931335
0.25581395626068115, 0.3310810923576355, 0.19305019080638885
0.25581395626068115, 0.37837839126586914, 0.2509652376174927
0.2604651153087616, 0.6081081032752991, 0.8030887842178345
0.26511627435684204, 0.30405405163764954, 0.16988417506217957
0.2697674334049225, 0.6148648858070374, 0.7915058135986328
0.27441859245300293, 0.4256756901741028, 0.27799227833747864
0.27441859245300293, 0.8175675868988037, 0.8339768052101135
0.2837209403514862, 0.28378379344940186, 0.09266409277915955
0.2837209403514862, 0.6959459185600281, 0.7567567825317383
0.28837209939956665, 0.5945945978164673, 0.29343628883361816
0.3162790834903717, 0.587837815284729, 0.29729729890823364
0.3162790834903717, 0.6756756901741028, 0.17760618031024933
0.3255814015865326, 0.6418918967247009, 0.2702702581882477
0.3255814015865326, 0.6824324131011963, 0.2239382266998291
0.3255814015865326, 0.9729729890823364, 0.7837837934494019
0.33023256063461304, 0.6554054021835327, 0.23552124202251434
0.3348837196826935, 0.1621621549129486, 0.8918918967247009
0.3348837196826935, 0.5608108043670654, 0.31660231947898865
0.3348837196826935, 0.6554054021835327, 0.7374517321586609
0.3395348787307739, 0.6081081032752991, 0.15830115973949432
0.34418603777885437, 0.7027027010917664, 0.2818532884120941
0.34418603777885437, 0.8513513803482056, 0.7104247212409973
0.34418603777885437, 0.9054054021835327, 0.25868725776672363
0.3488371968269348, 0.7297297120094299, 0.3204633295536041
0.35348838567733765, 0.7094594836235046, 0.2895752787590027
0.36279070377349854, 0.04054053872823715, 0.3088802993297577
0.36279070377349854, 0.8243243098258972, 0.1660231649875641
0.367441862821579, 0.8108108043670654, 0.7258687019348145
0.38604649901390076, 0.27702704071998596, 0.8687258958816528
0.38604649901390076, 0.6554054021835327, 0.7065637111663818
0.3906976878643036, 0.07432432472705841, 0.23552124202251434
0.3906976878643036, 0.27702704071998596, 0.8880308866500854
0.3906976878643036, 0.7432432174682617, 0.7297297120094299
0.3906976878643036, 0.837837815284729, 0.8223938345909119
0.39534884691238403, 0.7364864945411682, 0.7258687019348145
0.39534884691238403, 0.7905405163764954, 0.8030887842178345
0.4046511650085449, 0.5135135054588318, 0.9382239580154419
0.40930232405662537, 0.0878378376364708, 0.8262548446655273
0.40930232405662537, 0.7837837934494019, 0.8339768052101135
0.4139534831047058, 0.3445945978164673, 0.8301158547401428
0.4139534831047058, 0.47297295928001404, 0.7953668236732483
0.4139534831047058, 0.8243243098258972, 0.2857142984867096
0.41860464215278625, 0.1756756752729416, 0.2664092779159546
0.41860464215278625, 0.3986486494541168, 0.8223938345909119
0.4232558012008667, 0.27702704071998596, 0.8146718144416809
0.4232558012008667, 0.31081080436706543, 0.8301158547401428
0.44186046719551086, 0.07432432472705841, 0.3513513505458832
0.4465116262435913, 0.5405405163764954, 0.7722007632255554
0.45116278529167175, 0.2702702581882477, 0.27799227833747864
0.45116278529167175, 0.6216216087341309, 0.6563706398010254
0.4558139443397522, 0.29054054617881775, 0.09652509540319443
0.4558139443397522, 0.5608108043670654, 0.8223938345909119
0.46046510338783264, 0.22972972691059113, 0.15057915449142456
0.46046510338783264, 0.38513514399528503, 0.8725868463516235
0.46046510338783264, 0.9391891956329346, 0.760617733001709
0.4651162922382355, 0.30405405163764954, 0.18918919563293457
0.4697674512863159, 0.19594594836235046, 0.29729729890823364
0.4697674512863159, 0.5472972989082336, 0.3629343509674072
0.47441861033439636, 0.3986486494541168, 0.2702702581882477
0.47441861033439636, 0.587837815284729, 0.7258687019348145
0.4883720874786377, 0.3445945978164673, 0.2432432472705841
0.4883720874786377, 0.4932432472705841, 0.2895752787590027
0.49302324652671814, 0.5067567825317383, 0.3011583089828491
0.5023255944252014, 0.5945945978164673, 0.8996139168739319
0.5209302306175232, 0.12837837636470795, 0.3204633295536041
0.5209302306175232, 0.5135135054588318, 0.0810810774564743
0.5209302306175232, 0.5540540814399719, 0.23938223719596863
0.525581419467926, 0.5945945978164673, 0.7374517321586609
0.5348837375640869, 0.29054054617881775, 0.2277992218732834
0.539534866809845, 0.5608108043670654, 0.20077219605445862
0.539534866809845, 0.6486486196517944, 0.25482624769210815
0.5441860556602478, 0.21621622145175934, 0.21621622145175934
0.5488371849060059, 0.6081081032752991, 0.23938223719596863
0.5534883737564087, 0.5337837934494019, 0.1621621549129486
0.5534883737564087, 0.6148648858070374, 0.23552124202251434
0.5534883737564087, 0.7770270109176636, 0.1814671754837036
0.5581395626068115, 0.1756756752729416, 0.7181467413902283
0.5581395626068115, 0.6216216087341309, 0.7413127422332764
0.5627906918525696, 0.6756756901741028, 0.11196911334991455
0.5674418807029724, 0.5270270109176636, 0.7451737523078918
0.5720930099487305, 0.4932432472705841, 0.7528957724571228
0.5767441987991333, 0.3918918967247009, 0.7567567825317383
0.5767441987991333, 0.47297295928001404, 0.2857142984867096
0.5767441987991333, 0.6013513803482056, 0.16988417506217957
0.5860465168952942, 0.28378379344940186, 0.7335907220840454
0.5906976461410522, 0.4864864945411682, 0.2895752787590027
0.5906976461410522, 0.5270270109176636, 0.4478764533996582
0.5906976461410522, 0.6418918967247009, 0.7335907220840454
0.5906976461410522, 0.6486486196517944, 0.25482624769210815
0.5906976461410522, 0.662162184715271, 0.7953668236732483
0.6000000238418579, 0.25, 0.7181467413902283
0.6000000238418579, 0.27702704071998596, 0.799227774143219
0.604651153087616, 0.30405405163764954, 0.17760618031024933
0.604651153087616, 0.6351351141929626, 0.8146718144416809
0.6093023419380188, 0.6756756901741028, 0.2818532884120941
0.6093023419380188, 0.6824324131011963, 0.7335907220840454
0.6093023419380188, 0.7229729890823364, 0.8532818555831909
0.6139534711837769, 0.4864864945411682, 0.12741312384605408
0.6139534711837769, 0.7162162065505981, 0.7181467413902283
0.6186046600341797, 0.43918919563293457, 0.8301158547401428
0.6186046600341797, 0.5067567825317383, 0.3050193190574646
0.6372092962265015, 0.4932432472705841, 0.7335907220840454
0.6418604850769043, 0.6418918967247009, 0.15830115973949432
0.6465116143226624, 0.6486486196517944, 0.7258687019348145
0.6465116143226624, 0.7027027010917664, 0.2432432472705841
0.6651162505149841, 0.7297297120094299, 0.7567567825317383
0.6837209463119507, 0.7972972989082336, 0.7528957724571228
0.6930232644081116, 0.4121621549129486, 0.27799227833747864
0.7023255825042725, 0.7635135054588318, 0.8030887842178345
0.7209302186965942, 0.6824324131011963, 0.6911196708679199
0.7255814075469971, 0.4054054021835327, 0.6872586607933044
0.7255814075469971, 0.5270270109176636, 0.22007721662521362
0.7488372325897217, 0.43918919563293457, 0.7490347623825073
0.7813953757286072, 0.6216216087341309, 0.7644787430763245
1.0, 0.2635135054588318, 0.46332046389579773
-10.0, -10.0, -10.0
-10.0, -10.0, -10.0
-10.0, -10.0, -10.0
-10.0, -10.0, -10.0
-10.0, -10.0, -10.0
-10.0, -10.0, -10.0
-10.0, -10.0, -10.0
-10.0, -10.0, -10.0
-10.0, -10.0, -10.0
-10.0, -10.0, -10.0
-10.0, -10.0, -10.0
-10.0, -10.0, -10.0
-10.0, -10.0, -10.0
-10.0, -10.0, -10.0
-10.0, -10.0, -10.0
-10.0, -10.0, -10.0
-10.0, -10.0, -10.0
-10.0, -10.0, -10.0
-10.0, -10.0, -10.0
-10.0, -10.0, -10.0
-10.0, -10.0, -10.0
-10.0, -10.0, -10.0
-10.0, -10.0, -10.0
-10.0, -10.0, -10.0
-10.0, -10.0, -10.0
-10.0, -10.0, -10.0
-10.0, -10.0, -10.0
-10.0, -10.0, -10.0
-10.0, -10.0, -10.0
-10.0, -10.0, -10.0
-10.0, -10.0, -10.0
-10.0, -10.0, -10.0
-10.0, -10.0, -10.0
-10.0, -10.0, -10.0
-10.0, -10.0, -10.0
-10.0, -10.0, -10.0
-10.0, -10.0, -10.0
-10.0, -10.0, -10.0
-10.0, -10.0, -10.0
-10.0, -10.0, -10.0
-10.0, -10.0, -10.0
-10.0, -10.0, -10.0
-10.0, -10.0, -10.0
-10.0, -10.0, -10.0
-10.0, -10.0, -10.0
-10.0, -10.0, -10.0
-10.0, -10.0, -10.0
-10.0, -10.0, -10.0
-10.0, -10.0, -10.0
-10.0, -10.0, -10.0
-10.0, -10.0, -10.0
-10.0, -10.0, -10.0
-10.0, -10.0, -10.0
-10.0, -10.0, -10.0
-10.0, -10.0, -10.0
-10.0, -10.0, -10.0
-10.0, -10.0, -10.0
-10.0, -10.0, -10.0
-10.0, -10.0, -10.0
-10.0, -10.0, -10.0
-10.0, -10.0, -10.0
-10.0, -10.0, -10.0
-10.0, -10.0, -10.0
-10.0, -10.0, -10.0
-10.0, -10.0, -10.0
-10.0, -10.0, -10.0
-10.0, -10.0, -10.0
-10.0, -10.0, -10.0
-10.0, -10.0, -10.0
-10.0, -10.0, -10.0
-10.0, -10.0, -10.0
-10.0, -10.0, -10.0
-10.0, -10.0, -10.0
-10.0, -10.0, -10.0
-10.0, -10.0, -10.0
-10.0, -10.0, -10.0
-10.0, -10.0, -10.0
-10.0, -10.0, -10.0
-10.0, -10.0, -10.0
-10.0, -10.0, -10.0
-10.0, -10.0, -10.0
-10.0, -10.0, -10.0
-10.0, -10.0, -10.0
-10.0, -10.0, -10.0
-10.0, -10.0, -10.0
-10.0, -10.0, -10.0
-10.0, -10.0, -10.0
-10.0, -10.0, -10.0
-10.0, -10.0, -10.0
-10.0, -10.0, -10.0
-10.0, -10.0, -10.0
-10.0, -10.0, -10.0
-10.0, -10.0, -10.0
-10.0, -10.0, -10.0
-10.0, -10.0, -10.0
-10.0, -10.0, -10.0
-10.0, -10.0, -10.0
-10.0, -10.0, -10.0
-10.0, -10.0, -10.0
-10.0, -10.0, -10.0
-10.0, -10.0, -10.0
-10.0, -10.0, -10.0
-10.0, -10.0, -10.0
-10.0, -10.0, -10.0
-10.0, -10.0, -10.0
-10.0, -10.0, -10.0
-10.0, -10.0, -10.0
-10.0, -10.0, -10.0
-10.0, -10.0, -10.0
-10.0, -10.0, -10.0
-10.0, -10.0, -10.0
-10.0, -10.0, -10.0
-10.0, -10.0, -10.0
-10.0, -10.0, -10.0
-10.0, -10.0, -10.0
-10.0, -10.0, -10.0
-10.0, -10.0, -10.0
-10.0, -10.0, -10.0
-10.0, -10.0, -10.0
-10.0, -10.0, -10.0
-10.0, -10.0, -10.0
-10.0, -10.0, -10.0
-10.0, -10.0, -10.0
-10.0, -10.0, -10.0
-10.0, -10.0, -10.0
-10.0, -10.0, -10.0
-10.0, -10.0, -10.0
-10.0, -10.0, -10.0
-10.0, -10.0, -10.0
-10.0, -10.0, -10.0
-10.0, -10.0, -10.0
-10.0, -10.0, -10.0
-10.0, -10.0, -10.0
-10.0, -10.0, -10.0
-10.0, -10.0, -10.0
-10.0, -10.0, -10.0
-10.0, -10.0, -10.0
-10.0, -10.0, -10.0
-10.0, -10.0, -10.0
-10.0, -10.0, -10.0
-10.0, -10.0, -10.0
-10.0, -10.0, -10.0
-10.0, -10.0, -10.0
-10.0, -10.0, -10.0
-10.0, -10.0, -10.0
-10.0, -10.0, -10.0
-10.0, -10.0, -10.0
-10.0, -10.0, -10.0
-10.0, -10.0, -10.0
-10.0, -10.0, -10.0
-10.0, -10.0, -10.0
-10.0, -10.0, -10.0
-10.0, -10.0, -10.0
-10.0, -10.0, -10.0
-10.0, -10.0, -10.0
-10.0, -10.0, -10.0
-10.0, -10.0, -10.0
-10.0, -10.0, -10.0
-10.0, -10.0, -10.0
-10.0, -10.0, -10.0
-10.0, -10.0, -10.0
-10.0, -10.0, -10.0
-10.0, -10.0, -10.0
-10.0, -10.0, -10.0
-10.0, -10.0, -10.0
-10.0, -10.0, -10.0
-10.0, -10.0, -10.0
-10.0, -10.0, -10.0
-10.0, -10.0, -10.0
-10.0, -10.0, -10.0
-10.0, -10.0, -10.0
-10.0, -10.0, -10.0
-10.0, -10.0, -10.0
-10.0, -10.0, -10.0
-10.0, -10.0, -10.0
-10.0, -10.0, -10.0
-10.0, -10.0, -10.0
-10.0, -10.0, -10.0
-10.0, -10.0, -10.0
-10.0, -10.0, -10.0
-10.0, -10.0, -10.0
-10.0, -10.0, -10.0
-10.0, -10.0, -10.0
-10.0, -10.0, -10.0
-10.0, -10.0, -10.0
-10.0, -10.0, -10.0
-10.0, -10.0, -10.0
-10.0, -10.0, -10.0
-10.0, -10.0, -10.0
-10.0, -10.0, -10.0
-10.0, -10.0, -10.0
-10.0, -10.0, -10.0
-10.0, -10.0, -10.0
-10.0, -10.0, -10.0
-10.0, -10.0, -10.0
-10.0, -10.0, -10.0
-10.0, -10.0, -10.0
-10.0, -10.0, -10.0
-10.0, -10.0, -10.0
-10.0, -10.0, -10.0
-10.0, -10.0, -10.0
-10.0, -10.0, -10.0
-10.0, -10.0, -10.0
-10.0, -10.0, -10.0
-10.0, -10.0, -10.0
-10.0, -10.0, -10.0
-10.0, -10.0, -10.0
-10.0, -10.0, -10.0
-10.0, -10.0, -10.0
-10.0, -10.0, -10.0
-10.0, -10.0, -10.0
-10.0, -10.0, -10.0
-10.0, -10.0, -10.0
-10.0, -10.0, -10.0
-10.0, -10.0, -10.0
-10.0, -10.0, -10.0
-10.0, -10.0, -10.0
-10.0, -10.0, -10.0
-10.0, -10.0, -10.0
-10.0, -10.0, -10.0
-10.0, -10.0, -10.0
-10.0, -10.0, -10.0
-10.0, -10.0, -10.0
-10.0, -10.0, -10.0
-10.0, -10.0, -10.0
-10.0, -10.0, -10.0
-10.0, -10.0, -10.0
-10.0, -10.0, -10.0
-10.0, -10.0, -10.0
-10.0, -10.0, -10.0
-10.0, -10.0, -10.0
-10.0, -10.0, -10.0
-10.0, -10.0, -10.0
-10.0, -10.0, -10.0
-10.0, -10.0, -10.0
-10.0, -10.0, -10.0
-10.0, -10.0, -10.0
-10.0, -10.0, -10.0
-10.0, -10.0, -10.0
-10.0, -10.0, -10.0
-10.0, -10.0, -10.0
-10.0, -10.0, -10.0
-10.0, -10.0, -10.0
-10.0, -10.0, -10.0
-10.0, -10.0, -10.0
-10.0, -10.0, -10.0
-10.0, -10.0, -10.0
-10.0, -10.0, -10.0
-10.0, -10.0, -10.0
-10.0, -10.0, -10.0
-10.0, -10.0, -10.0
-10.0, -10.0, -10.0
-10.0, -10.0, -10.0
-10.0, -10.0, -10.0
-10.0, -10.0, -10.0
-10.0, -10.0, -10.0
-10.0, -10.0, -10.0
-10.0, -10.0, -10.0
-10.0, -10.0, -10.0
-10.0, -10.0, -10.0
-10.0, -10.0, -10.0
-10.0, -10.0, -10.0
-10.0, -10.0, -10.0
-10.0, -10.0, -10.0
-10.0, -10.0, -10.0
-10.0, -10.0, -10.0
-10.0, -10.0, -10.0
-10.0, -10.0, -10.0
-10.0, -10.0, -10.0
-10.0, -10.0, -10.0
-10.0, -10.0, -10.0
-10.0, -10.0, -10.0
-10.0, -10.0, -10.0
-10.0, -10.0, -10.0
-10.0, -10.0, -10.0
-10.0, -10.0, -10.0
-10.0, -10.0, -10.0
-10.0, -10.0, -10.0
-10.0, -10.0, -10.0
-10.0, -10.0, -10.0
-10.0, -10.0, -10.0
-10.0, -10.0, -10.0
-10.0, -10.0, -10.0
-10.0, -10.0, -10.0
-10.0, -10.0, -10.0
-10.0, -10.0, -10.0
-10.0, -10.0, -10.0
-10.0, -10.0, -10.0
-10.0, -10.0, -10.0
-10.0, -10.0, -10.0
-10.0, -10.0, -10.0
-10.0, -10.0, -10.0
-10.0, -10.0, -10.0
-10.0, -10.0, -10.0
-10.0, -10.0, -10.0
-10.0, -10.0, -10.0
-10.0, -10.0, -10.0
-10.0, -10.0, -10.0
-10.0, -10.0, -10.0
-10.0, -10.0, -10.0
-10.0, -10.0, -10.0
-10.0, -10.0, -10.0
-10.0, -10.0, -10.0
-10.0, -10.0, -10.0
-10.0, -10.0, -10.0
-10.0, -10.0, -10.0
-10.0, -10.0, -10.0
-10.0, -10.0, -10.0
-10.0, -10.0, -10.0
-10.0, -10.0, -10.0
-10.0, -10.0, -10.0
-10.0, -10.0, -10.0
-10.0, -10.0, -10.0
-10.0, -10.0, -10.0
-10.0, -10.0, -10.0
-10.0, -10.0, -10.0
-10.0, -10.0, -10.0
-10.0, -10.0, -10.0
-10.0, -10.0, -10.0
-10.0, -10.0, -10.0
-10.0, -10.0, -10.0
-10.0, -10.0, -10.0
-10.0, -10.0, -10.0
-10.0, -10.0, -10.0
-10.0, -10.0, -10.0
-10.0, -10.0, -10.0
-10.0, -10.0, -10.0
-10.0, -10.0, -10.0
-10.0, -10.0, -10.0
-10.0, -10.0, -10.0
-10.0, -10.0, -10.0
-10.0, -10.0, -10.0
-10.0, -10.0, -10.0
-10.0, -10.0, -10.0
-10.0, -10.0, -10.0
-10.0, -10.0, -10.0
-10.0, -10.0, -10.0
-10.0, -10.0, -10.0
-10.0, -10.0, -10.0
